11.5552074811
7.59775901357
8.51207247978
10.2080220624
6.67868259647
9.70647375216
5.48170591965
12.309118969
10.5201572069
6.13607737722
9.22898720573
9.90208782706
5.87183202037
9.4238898614
7.79967228391
10.3461611102
7.84371992771
6.71874014324
10.3333260434
7.99747475412
14.5573117651
32.9034975472
10.008878879
10.5831466129
9.02583106946
10.9166545037
28.101746974
10.2711551713
5.40280709299
6.70170629871
6.03528889629
10.2888230735
12.132258844
7.04408064152
8.44423648067
6.80491540745
8.85570232848
8.87756205484
8.60360035204
7.09668779218
8.79076308899
11.9686225791
7.449406365
8.13447646359
10.3085031076
13.4872160232
8.71198156763
11.6215965919
6.07742549737
11.3635031284
9.05244119397
10.2134815683
7.22113401558
10.052546219
12.1818491106
11.6086283321
7.3673352884
8.10904272052
11.1343463951
8.57621775358
8.58541130692
13.7353968905
6.25903374557
7.88646118913
9.84971742151
6.83758356426
8.53035266102
9.19213076638
6.48177276518
6.57760119097
7.78727224496
7.66631303986
10.6720672289
7.41002999941
36.1439154762
9.67467522443
7.80395715332
9.36858834759
12.0731532602
7.986801163
9.50416749696
6.83038505485
7.395706279
5.8517209174
7.42716408987
6.04798731245
8.11500229039
9.05142988889
10.9478592347
11.595266126
6.75221435199
5.79932461004
10.3263692321
9.94934688227
8.9354758875
8.37469953761
10.3441197893
7.80831682798
11.3368910417
6.71651711596
