29.3929601003
23.5801215154
19.7009870093
24.2659431704
21.8981072788
31.4944011532
16.4447481788
30.7802673664
20.3763923447
24.1290496959
19.3189789938
26.8189796976
25.7458815598
24.1079282664
28.6134722032
36.8488309453
21.9703218714
26.2921760918
26.1859289661
19.1513389121
24.1718744509
23.0853592106
27.9992860819
24.5054224945
21.7163853847
32.3997001011
19.9150333786
29.3446471173
22.0956967031
20.7769012941
18.3557704532
24.6613969299
24.2812362277
24.7463395297
34.1221357489
28.5543122297
26.3691366973
20.4599470112
24.5625357521
22.6440154194
21.128999789
19.4546104932
20.7565605673
35.260562362
22.6438746477
22.6708017651
21.2898549514
33.0079358037
21.4600866658
19.8762335254
16.7845194855
27.4573882845
27.0795906382
22.7422351773
23.0177318755
25.03869866
18.5847474866
22.4296708341
32.5110656631
24.7563004912
26.5399510389
20.8219844256
23.0830992618
21.0551121609
23.7177738885
20.7979672213
24.8010065998
28.5767787305
25.5958356738
25.5413507767
21.7059471939
24.4626061835
22.1169275086
24.0778961648
18.8004464854
23.2437318037
20.0042867564
26.0066674495
23.4325385673
27.7762779453
21.1291079492
18.843685077
20.593707183
24.0392053345
23.6346762668
24.2087148998
26.1188058323
25.8302902247
25.4887774649
21.3724765264
30.1126449556
22.3292853062
18.4653716013
22.0026862588
21.3615348118
26.2587298418
19.5555753342
28.4675729647
28.9407420619
25.6056311332
