4.2769811099
0.217107898812
0.46663193489
0.287994696564
0.428733939325
0.610838486201
0.163748277246
0.173502805633
1.69074486134
0.479187722943
0.976721902798
0.185799684411
0.42147766403
0.161099131776
0.251939295505
0.169022229912
0.252935772861
0.618361539716
0.230840964943
0.713382335626
1.15150554976
0.213638948507
0.596306017798
0.232859735035
0.172225863702
0.161092145186
0.324363394336
0.175680588812
0.226117280382
0.337759626257
0.166918348691
0.396743143786
0.397506400867
0.40928585855
0.165604210292
0.163030927334
0.145963142859
0.505905523098
0.17771872126
0.243299592405
0.4189661988
0.210472332984
0.193387643615
0.962171807621
0.248757517937
0.681483285019
0.358108827274
0.174367008681
0.200017399006
0.267544640453
0.382228313466
0.30655587059
1.22961098442
0.505629870061
0.298335430041
0.336973543721
0.173904961395
0.319654475397
0.323515677778
0.162587258352
2.46297598863
0.188250926366
1.28765795515
0.172914811172
0.27417421065
0.505872314953
0.244133335865
0.159171585682
0.208050373514
0.295013038173
2.83230535981
0.457933877409
0.270003152292
0.175774556418
0.609999578507
0.40020983106
1.17374479434
0.218154402467
0.176240637855
0.150578035968
0.236415878793
0.453881538415
0.866510379183
0.213934468059
0.447814309009
0.755623744257
0.396647793853
0.169293009746
1.87011064934
0.254022695625
0.443885240143
0.160055799285
0.309904188513
0.151671673337
0.215167521695
0.233688585371
0.230538800246
0.235752734649
0.604447262833
0.197714240076
