0.1805808 0.1443492 0.1596189 0.1641267 0.1503066
0.1706573 0.161874 0.1466785 0.1638675 0.1463638
0.1551599 0.1559803 0.1555212 0.1398387 0.1512174
0.1520989 0.1742544 0.144284 0.1484356 0.1595153
0.1515383 0.1582226 0.1722895 0.157847 0.1456589
0.1541442 0.1605385 0.1674397 0.1576561 0.1786287
0.1503167 0.1479041 0.1768248 0.1434665 0.1501594
0.1571758 0.143001 0.1766978 0.1610212 0.1522456
0.1601559 0.1469886 0.1808622 0.1632497 0.1554223
0.1570369 0.1601904 0.1592984 0.1505541 0.1502829
0.160871 0.1618931 0.1642248 0.1451647 0.1439141
0.1571338 0.1579154 0.1629267 0.1519252 0.1518147
0.1420726 0.1477021 0.1451929 0.1449577 0.181337
0.1625468 0.1526922 0.149607 0.1498676 0.1610506
0.164392 0.15677 0.1705714 0.1737972 0.1684624
0.1462604 0.1740121 0.1561062 0.1521434 0.1508645
0.1655301 0.1695351 0.1421211 0.1490301 0.1385533
0.1530477 0.1606767 0.168288 0.1576227 0.1510498
0.1633928 0.1532437 0.1605713 0.1547651 0.1654925
0.1566991 0.1368739 0.1488742 0.1635829 0.1557789
