0.2119322 0.1720628 0.1811606 0.1896019 0.1808412
0.184529 0.1879219 0.1718623 0.1934545 0.1775362
0.1966138 0.1858287 0.1964966 0.1607564 0.1833569
0.1806067 0.2068383 0.1757609 0.1738733 0.178318
0.1734409 0.193212 0.2051977 0.1944918 0.1813374
0.1850983 0.1756681 0.1957454 0.1833595 0.1995216
0.173757 0.1780376 0.2238242 0.163352 0.1758481
0.1892017 0.1694115 0.2024227 0.1933031 0.1785005
0.1917372 0.1701453 0.2001334 0.1921424 0.1857822
0.1817682 0.186004 0.1908565 0.1853681 0.1796714
0.1998471 0.1867889 0.2051822 0.1786847 0.1713097
0.1839685 0.1805898 0.1903811 0.1787177 0.1805144
0.179707 0.1845071 0.172648 0.1757109 0.2096021
0.1960237 0.1803085 0.165398 0.1854026 0.2035834
0.1980786 0.1970514 0.191969 0.200718 0.1839299
0.1847672 0.2049925 0.1873957 0.1887401 0.1764073
0.1935257 0.1986025 0.1807948 0.186789 0.1665572
0.1720648 0.1824406 0.2104308 0.1803411 0.1894064
0.1824523 0.1821958 0.1866319 0.1736044 0.1881935
0.1875088 0.1552806 0.1795794 0.1932581 0.1892871
