8.82287735094
8.33899289039
8.53385880398
7.46350610165
6.00935467106
7.77817295555
7.49978211116
9.43384210133
8.25105195053
8.34739472423
6.03008335983
8.06178107917
5.45188239289
5.37894810673
9.1412465133
9.98719922582
5.38602918559
8.85173980877
8.11511219878
8.03972044539
9.79990959019
7.14184143974
5.91521638082
9.82052328651
8.37929636017
10.7252003849
8.42652688829
9.19426386928
5.90998765585
8.7818666182
6.78749984228
6.75690114637
10.098352245
10.4801952109
7.83299593977
7.92221730081
6.98183431668
7.44023583738
6.39170021501
8.73647188125
8.61437026385
7.60450927193
7.93371132054
10.0945855228
12.0123876356
8.778403026
8.30209741759
8.77286421746
6.68728694164
7.67182739414
9.50022426469
13.2569592706
10.8496372961
7.20437612047
15.0002862784
8.34679749953
7.67506362281
7.51133812941
12.0180071142
12.5545835186
14.3706271667
10.483844148
6.99932357526
9.64180744542
7.72960289997
6.2329127653
7.60132214767
8.97485646167
13.1271877008
7.51391806719
6.86092561053
7.70606767244
8.46995824167
11.1493293508
8.40634579072
7.89083093457
8.91032547708
9.13520683024
10.1950309455
8.05191517191
7.67588195042
8.40184428428
7.31970766313
6.94984343898
10.6461952608
7.38485411714
7.98259001687
10.5819025659
8.88919794888
8.84517621988
7.23144032647
6.70116545158
8.52858405502
7.51955351027
7.65429025708
6.54072700516
10.4899208874
8.81337770077
14.0500421367
8.68502167662
