0.00202052577549
0.00193495995594
0.0017254926326
0.00175570052554
0.00127218226511
0.00176947445347
0.00171791076628
0.00225566070924
0.0018697254228
0.00193585411903
0.00141919478513
0.00205557668276
0.00129357320955
0.00108660195577
0.00221070094704
0.00227259370373
0.00137617946889
0.00235722799614
0.00172070207935
0.00169861670077
0.00199970669605
0.00163327507634
0.00131316093517
0.00250720264773
0.00197156850783
0.0025096740207
0.0020721465819
0.0021681036495
0.00139562971822
0.00225607042594
0.00146097871315
0.00158962097029
0.00216223221179
0.00212739336708
0.00181161258393
0.00195135311944
0.00190924424803
0.00183048129179
0.00158273201641
0.0022611123308
0.00210729696628
0.0016017819342
0.00193513604041
0.00232402137991
0.00229765264809
0.00177958927562
0.0017295057359
0.0017906408079
0.00140759168778
0.00204772128114
0.00186490564953
0.00254290601527
0.00258855978203
0.00165566300739
0.00302593957755
0.00163770512294
0.00177919427638
0.00192446327319
0.00255863269103
0.00286103643549
0.00331691607651
0.00224485210491
0.0019843754503
0.00241658374478
0.0020026377652
0.00115409397794
0.00176061176404
0.00180867930008
0.00317412280258
0.0019444298488
0.0017022148352
0.00190354624883
0.00200070045036
0.00239397795937
0.00164841089592
0.00153726001239
0.00223784783737
0.00240259237656
0.0026581031982
0.00195859459426
0.00182195518589
0.00145929563268
0.00200384279898
0.00152142751059
0.00200239715382
0.00173040209297
0.00185276263503
0.00229968923397
0.00199306681912
0.00223516881297
0.00205355453145
0.00180167597895
0.0018321029593
0.00192098501923
0.00166029430695
0.00187502049464
0.00204843778178
0.00192652091756
0.00281773711436
0.00189847611933
