0.32940480323
0.345108837884
0.410706899804
0.310774521827
0.370542436481
0.309876018711
0.360012879005
0.375192329754
0.284710242432
0.323015425335
0.348143315154
0.357014889041
0.280361415166
0.30311121226
0.315177450806
0.300412062918
0.286181530217
0.363316502376
0.284912691207
0.33219217363
0.296459152919
0.375095772588
0.320325969155
0.343162557128
1.07209404133
0.374669377759
0.336002824869
0.349518166946
0.316416094494
0.347508626586
0.36293246353
0.315517011603
0.356458494389
0.269851642138
0.299255680434
0.354101074915
0.3389031643
0.367302793641
0.327349102252
0.297404334174
0.361820001971
0.410742439964
0.346422841673
1.08308675878
0.328401959847
0.372297287658
0.288878699221
0.391116945829
0.277263097907
0.31711859264
0.353978699381
0.287947670897
0.322831195412
0.342521119074
0.277120684272
0.302445304191
0.320255002532
0.330516220477
0.311598442531
0.338536147329
0.31864922757
0.307781684985
0.336499860403
0.386765050094
0.36158849134
0.315893478001
0.295432818257
0.295518974866
0.345101253471
0.368111940704
0.348353363594
0.32982030786
0.30290934676
0.381703604273
0.323924228781
0.357651902796
0.335345502802
0.346006365204
0.32811491588
0.303796390488
0.409552545281
0.314545403671
0.314094986073
0.329881141171
0.234721744222
0.355749891332
0.34895565882
0.301962847775
0.365928375639
0.396883605547
0.329211229041
0.311746795134
0.369197151306
0.318207355607
0.327386730481
0.31541117721
0.292057621988
0.334566503892
0.325235379815
0.348534794271
