0.05889036 0.06862736 0.08223678 0.06263679 0.06269756
0.0609384 0.07039368 0.07338133 0.05675878 0.06390965
0.06614872 0.07207922 0.0546513 0.05861856 0.0621418
0.0634899 0.05456299 0.0642388 0.0568422 0.06294955
0.06052281 0.07080051 0.07141358 0.07150007 0.0710003
0.06988336 0.06349804 0.06414065 0.05925628 0.06998214
0.07213607 0.05809505 0.07009642 0.05438468 0.06115915
0.07575326 0.06529336 0.07224687 0.06697746 0.05608441
0.06920848 0.0727698 0.06415737 0.06789903 0.06512559
0.07854064 0.0612775 0.07651034 0.05960079 0.06947012
0.06705023 0.05934938 0.06076316 0.06827857 0.05142759
0.06173441 0.06069029 0.06362759 0.06345491 0.06702375
0.06391707 0.06104906 0.06628867 0.07534935 0.06864193
0.06066146 0.05777209 0.05662223 0.06912285 0.06871072
0.06635251 0.05966224 0.06459193 0.06685386 0.06740625
0.06796652 0.06064213 0.06893082 0.06333197 0.06083683
0.07964132 0.05835439 0.06021744 0.06442623 0.0471592
0.06733449 0.06507781 0.05790467 0.06904118 0.07791311
0.07130191 0.06014794 0.06570449 0.06249418 0.06135991
0.06098428 0.06341343 0.06589989 0.06532679 0.06898393
