0.07706418 0.07968582 0.08718335 0.07649579 0.07768139
0.07361861 0.087289 0.08042351 0.05996969 0.07179101
0.08442549 0.07808379 0.06491991 0.0695619 0.07182569
0.0732292 0.05794226 0.07775805 0.07042746 0.06957237
0.07229362 0.08078848 0.08466416 0.08111341 0.08173635
0.08870122 0.0827746 0.08144469 0.07084993 0.07607252
0.07905871 0.06439943 0.08192932 0.07366539 0.07748447
0.08246467 0.06842149 0.08141468 0.0790354 0.07214101
0.08940958 0.08788772 0.06845823 0.08045426 0.07145579
0.08449103 0.06351083 0.09118808 0.06150838 0.07705535
0.08263121 0.07531265 0.082463 0.07558587 0.06732065
0.06737171 0.07163808 0.0670069 0.07528459 0.08633801
0.06654946 0.07091671 0.08289123 0.09213502 0.07495564
0.07271867 0.06108925 0.0674662 0.07316289 0.07695454
0.07785311 0.07423575 0.06899985 0.07608064 0.0731643
0.08014966 0.07270048 0.07246116 0.07293012 0.07170418
0.08277087 0.07022638 0.07827103 0.06677304 0.05619342
0.08393285 0.08046639 0.07077481 0.07777966 0.08738624
0.08183438 0.06799641 0.07952536 0.07031251 0.07690166
0.07043903 0.06583515 0.08285652 0.08218094 0.07835589
