1.6593934429
2.00253239274
2.11806368452
2.77219063709
1.78861704631
2.52347832308
2.32022002266
2.162205114
1.44323230923
1.79617983859
1.72196372419
1.64659287771
2.02492253018
2.62571363256
2.50933095357
1.70768968811
2.25468451129
2.39185460587
2.96090618946
2.37704482356
2.48146749024
2.5111233971
1.9080430021
1.96968277627
1.88242504719
2.56209286359
2.08520970728
1.91622847368
2.46539487878
2.33454147719
2.19779696471
3.0140953599
2.274039054
2.86266346779
2.10305004525
1.7993626981
2.20188966198
2.54408817492
2.52778985971
2.40886019275
2.163345664
2.07310128182
2.00197804182
2.47455550332
1.96142043501
2.14657329714
2.16866971522
2.09409613425
2.22009351811
2.28181589739
2.33585782759
2.57563025188
2.11498423294
2.10210574355
2.55873555596
2.37831907891
2.09481523045
1.94301253726
1.92471461384
2.40739658181
1.95342350668
2.71061215068
2.41425354469
2.05728879013
2.7140020299
2.102269723
2.45994823655
2.54089159379
2.34024978472
2.19920480711
2.39302271417
1.9212902026
2.62705857004
2.40389531036
1.79316819503
1.70262124722
2.2325199295
2.5100121689
2.04483040223
2.69202307774
2.1119179838
2.2217746759
2.38166105554
2.47722032736
2.29606356458
2.45926653322
2.05054574345
2.25203635555
2.61276805987
2.074344989
2.35138748325
2.03297909784
1.75659704275
2.88993769376
2.10243914888
1.9526560904
2.16763883822
2.39549024756
2.20449941975
1.663453909
